[?25l[0m [38;2;0;0;0m                                                                                    [0m
 [38;2;0;0;0m                                                                                    [0m
 [38;2;0;0;0m                                              [0m  [38;2;0;0;0m                                    [0m
 [38;2;0;0;0m                                          [0m [38;2;102;123;126m▂[38;2;132;166;166m▄[38;2;138;179;178m▆[38;2;133;168;168m▉[0m [38;2;0;0;0m                                    [0m
 [38;2;0;0;0m                                        [38;2;82;99;102m▂[38;2;131;165;166m▄[38;2;142;182;182;48;2;73;88;90m▆[38;2;133;176;174;48;2;142;186;184m▁[38;2;139;188;185;48;2;142;187;185m╴[38;2;141;185;184;48;2;143;186;185m▌[0m[38;2;128;161;162m▌                                     [0m
 [38;2;0;0;0m                                      [38;2;106;132;133m▗[38;2;133;168;169m▆[38;2;139;188;186;48;2;139;184;182m┈[38;2;140;187;185;48;2;142;185;184m▆[38;2;92;115;115;48;2;139;182;180m╺[0m[38;2;137;181;179m▂[38;2;118;149;150;48;2;141;183;182m▏[38;2;144;185;185;48;2;141;180;180m┊[0m[38;2;76;92;94m▎                                     [0m
 [38;2;0;0;0m                                    [38;2;86;109;110m▗[38;2;133;172;172m▅[38;2;141;189;186;48;2;141;180;181m╴[0m[7m[38;2;141;180;179m▃[38;2;129;164;164m▄[38;2;126;159;159m▄[38;2;131;168;167m▖[0m[38;2;140;188;185;48;2;144;185;185m▘[38;2;143;187;185;48;2;140;187;185m▌[0m[7m[38;2;113;144;144m▗[0m [38;2;0;0;0m                                     [0m
 [38;2;0;0;0m                               [0m [38;2;124;154;156m▃[38;2;122;152;153m▂[38;2;92;115;116m▂[38;2;83;106;107m▂[7m[38;2;125;148;151m▅[38;2;135;169;170m▅[38;2;108;132;134m▆[0m[38;2;82;106;106m▂[38;2;81;105;105m▂[0m [7m[38;2;108;134;136m▋[0m[38;2;142;186;185;48;2;145;185;185m▅[38;2;137;178;177;48;2;97;121;122m▉[0m [38;2;71;88;89m                                      [0m
 [38;2;0;0;0m                                [38;2;104;128;129m▝[7m[38;2;132;170;169m▃[38;2;137;178;177m▂[38;2;145;185;185m▂[38;2;141;178;179m▁[0m[38;2;70;85;87;48;2;140;182;181m▁[48;2;139;183;181m▁[0m[7m[38;2;138;175;176m▁[38;2;118;150;150m▄[0m[38;2;129;158;160m▗[38;2;102;126;127;48;2;135;175;175m▏[38;2;142;188;186;48;2;141;182;181m╴[0m[38;2;129;164;164m▘[38;2;144;179;180m▗[38;2;142;186;184m▆[38;2;136;176;176m▆[38;2;137;178;177m▅[38;2;124;160;160m▄[38;2;129;163;163m▂[38;2;79;98;99m▁[0m [38;2;7;10;10m                               [0m
 [38;2;0;0;0m                                 [38;2;128;158;159m▗[38;2;137;177;177m▇[38;2;130;164;165m▆[0m [38;2;45;55;56m [38;2;80;103;103m▂[38;2;135;172;172m▄[38;2;137;176;176m▇[38;2;143;187;186;48;2;143;185;184m┈[0m[7m[38;2;129;173;171m▁[0m[38;2;129;163;164m▘ [7m[38;2;109;130;133m▇[38;2;142;177;177m▆[0m[38;2;93;118;118;48;2;140;183;182m╸[38;2;141;186;184;48;2;145;185;185m▄[38;2;137;177;176;48;2;143;186;185m▁[38;2;136;180;179;48;2;140;187;185m▁[38;2;140;187;185;48;2;140;183;182m╴[0m[38;2;140;182;182m▇[38;2;133;174;173m▆[38;2;118;148;149m▄[38;2;86;104;107m▁                            [0m
 [38;2;0;0;0m                                [0m [7m[38;2;135;173;173m▍[0m[38;2;138;187;184;48;2;142;186;185m╹[0m[38;2;130;164;165m▋[38;2;137;178;177m▗[38;2;142;181;181m▆[38;2;146;184;185;48;2;142;183;183m╴[38;2;139;187;184;48;2;138;180;179m┈[0m[7m[38;2;129;168;167m▂[38;2;115;149;149m▅[0m [38;2;115;134;138m▂[0m  [7m[38;2;137;171;172m▍[0m[38;2;140;187;185;48;2;145;186;186m▉[0m[38;2;110;136;137m▍[7m[38;2;97;118;119m▇[0m[38;2;102;123;125m▂[7m[38;2;148;181;182m▇[38;2;121;152;153m▅[38;2;126;162;161m▃[0m[38;2;77;93;95;48;2;136;177;176m▁[38;2;138;188;185;48;2;140;182;181m╴[0m[38;2;140;176;177m▅[38;2;106;130;132m▃[0m [38;2;0;0;0m                         [0m
 [38;2;0;0;0m                              [0m [38;2;88;103;106m▂[0m [7m[38;2;132;172;171m▎[0m[38;2;141;187;185;48;2;142;186;185m╴[0m[38;2;139;175;176m▌[38;2;134;168;169m▝[7m[38;2;139;180;180m▃[38;2;125;161;161m▅[0m [38;2;113;142;143m▂[38;2;132;170;169m▅[38;2;140;183;182;48;2;92;113;114m▇[38;2;142;180;180;48;2;94;114;115m▊[0m [38;2;35;42;43m [38;2;75;95;96m▝[7m[38;2;129;169;167m▂[38;2;137;180;179m▝[0m[38;2;102;132;132m▃[38;2;120;154;154m▝[7m[38;2;134;171;171m▂[0m[38;2;135;177;175;48;2;106;128;130m▇[0m[38;2;131;168;168m▆[38;2;106;130;131m▃[7m[38;2;122;152;153m▅[38;2;135;173;173m▂[38;2;133;175;174m▂[0m[38;2;121;149;150m▘[0m [38;2;78;94;96m▁[38;2;86;103;105m▁[0m [38;2;59;70;72m                     [0m
 [38;2;0;0;0m                            [38;2;95;123;122m▂[38;2;133;171;170m▄[38;2;140;180;180m▆[38;2;142;186;185;48;2;144;176;178m▇[0m[38;2;127;156;157m▋[7m[38;2;134;169;169m▌[0m[38;2;145;185;185;48;2;141;186;185m╸[38;2;135;180;178;48;2;99;125;125m▉[0m[38;2;72;90;91m▏ [38;2;80;103;103m▗[7m[38;2;133;172;171m▘[0m[38;2;142;187;185;48;2;141;182;182m▇[38;2;145;187;186;48;2;141;184;183m╴[0m[7m[38;2;136;182;179m▂[0m[38;2;140;188;185;48;2;142;185;184m╴[0m[7m[38;2;105;131;132m▝[0m [38;2;0;0;0m [0m [7m[38;2;91;117;117m▅[38;2;133;169;170m▂[38;2;112;138;140m▃[0m [38;2;112;140;141m▁[38;2;102;129;130m▂[38;2;95;120;120m▁[0m [38;2;81;96;98m▗[38;2;132;166;167m▅[38;2;142;184;183m▆[38;2;142;185;184;48;2;89;106;108m▇[38;2;141;187;185;48;2;140;183;182m┈[38;2;143;186;185;48;2;135;167;169m▇[38;2;144;185;185;48;2;119;146;148m▇[38;2;143;184;183;48;2;80;98;99m▇[0m[38;2;140;183;182m▆[38;2;133;172;171m▅[38;2;135;170;170m▃[38;2;116;142;143m▂[0m  [38;2;5;6;7m              [0m
 [38;2;0;0;0m                         [0m [38;2;112;138;140m▃[38;2;140;179;179m▅[38;2;148;184;186;48;2;144;183;183m╴[38;2;143;187;186;48;2;138;181;180m┈[0m[7m[38;2;131;171;170m▂[38;2;123;157;157m▅[0m  [38;2;95;118;119;48;2;137;174;174m▏[38;2;145;186;186;48;2;142;186;185m┛[0m[7m[38;2;134;173;172m▝[0m [7m[38;2;98;122;123m▌[0m[38;2;135;179;178;48;2;139;186;183m╴[38;2;142;186;185;48;2;141;181;181m╴[0m[38;2;137;174;174m▘[0m [7m[38;2;112;143;144m▖[0m[38;2;90;112;113;48;2;142;181;181m▁[0m[7m[38;2;136;173;173m▝[0m[38;2;97;119;120m▖  [0m [38;2;121;149;151m▅[38;2;139;177;178;48;2;83;100;102m▇[38;2;143;189;187;48;2;141;186;184m╸[38;2;144;188;187;48;2;141;186;185m╶[38;2;145;186;185;48;2;144;185;184m┈[0m[38;2;139;177;177m▇[38;2;142;180;180m▅[38;2;125;163;162m▄[7m[38;2;95;119;120m━[38;2;132;165;167m▆[38;2;112;139;140m▇[38;2;110;134;136m▇[38;2;104;128;129m▆[38;2;117;148;148m▅[38;2;127;159;160m▄[38;2;138;176;176m▃[0m[38;2;144;187;187;48;2;138;181;179m╴[38;2;139;187;185;48;2;144;185;185m▆[38;2;123;158;157;48;2;139;181;180m▁[0m[38;2;137;178;177m▇[38;2;139;180;179m▆[38;2;116;141;143m▅[0m [38;2;12;14;15m           [0m
 [38;2;0;0;0m                       [0m [38;2;119;149;150m▄[38;2;138;179;178m▆[38;2;142;188;186;48;2;142;186;184m╷[38;2;86;107;108;48;2;135;175;174m▁[0m[7m[38;2;119;155;155m▄[0m [38;2;74;94;94m▂[38;2;124;160;160m▄[38;2;135;171;172m▅[0m [38;2;100;122;124m▝[7m[38;2;140;181;181m▖[0m[38;2;145;185;185;48;2;139;188;185m▅[0m[7m[38;2;138;180;179m▝[38;2;95;118;119m▚[38;2;132;170;169m▖[0m[38;2;129;167;166m▘ [0m [38;2;137;177;177m▆[38;2;139;178;177m▇[38;2;90;120;118;48;2;138;184;181m▘[0m[38;2;139;177;177m▉[0m [38;2;25;29;31m [0m [38;2;122;152;153m▄[38;2;139;176;177;48;2;74;93;94m▆[38;2;82;104;103;48;2;125;162;161m┎[38;2;91;119;118;48;2;134;177;175m╸[38;2;138;185;182;48;2;137;182;180m┈[38;2;99;122;123;48;2;140;185;183m▁[0m[7m[38;2;140;181;180m▁[0m[38;2;106;124;126;48;2;141;185;183m▁[38;2;131;164;165;48;2;141;186;185m▁[38;2;144;184;184;48;2;118;149;150m▇[0m[38;2;141;183;182m▆[38;2;138;178;178m▅[38;2;139;179;179m▄[38;2;124;160;160m▄[38;2;120;150;151m▃[38;2;110;136;138m▂[7m[38;2;136;172;173m▍[0m[38;2;143;186;185;48;2;139;176;176m▉[0m[38;2;101;125;127m▍[7m[38;2;122;154;155m▂[38;2;130;167;167m▄[0m [38;2;70;86;86m            [0m
 [38;2;0;0;0m                      [38;2;116;146;146m▗[38;2;87;106;107;48;2;142;182;182m▘[38;2;140;187;185;48;2;142;187;185m┻[38;2;89;111;112;48;2;140;178;178m▁[0m[7m[38;2;120;154;154m▄[0m [38;2;104;132;132m▃[38;2;129;169;168m▆[38;2;141;189;186;48;2;137;178;177m╴[0m[7m[38;2;137;180;178m▃[38;2;137;180;179m▖[38;2;138;179;178m▝[0m[38;2;75;91;93m▖[0m [7m[38;2;125;159;159m▖[0m[38;2;147;186;186;48;2;144;184;184m╴[38;2;140;187;185;48;2;131;173;172m┈[0m[38;2;107;132;134m▄[0m [38;2;0;0;0m [0m [7m[38;2;117;154;153m▄[38;2;137;177;176m▂[38;2;138;177;177m▃[0m[38;2;118;148;149m▘ [0m [7m[38;2;128;161;161m▍[0m[38;2;141;186;185;48;2;142;185;184m╴[0m[7m[38;2;99;128;127m╱[0m[38;2;102;127;128;48;2;138;179;178m▏[0m[7m[38;2;133;173;172m▗[0m[38;2;104;129;130m▚[38;2;137;177;176m▅[38;2;95;116;118m▆[38;2;79;97;98m▗[38;2;87;103;105m▖[38;2;120;149;151m▗[38;2;142;165;170m▃[7m[38;2;140;178;178m▆[38;2;141;176;177m▅[38;2;140;180;179m▄[38;2;130;172;171m▂[38;2;145;183;183m▁[0m[38;2;143;185;185;48;2;137;178;177m┈[0m[7m[38;2;131;171;170m▂[0m[38;2;104;126;129m▘               [0m
 [38;2;0;0;0m                    [0m [38;2;119;147;148m▅[38;2;108;140;139;48;2;132;171;170m╻[38;2;142;190;187;48;2;140;183;182m╴[0m[7m[38;2;135;170;170m▄[0m [38;2;85;105;106m▗[7m[38;2;128;164;164m▘[0m[38;2;90;109;111;48;2;138;181;179m▁[0m[7m[38;2;121;158;157m▄[0m [38;2;5;6;7m [0m [7m[38;2;128;168;167m▖[0m[38;2;134;174;173;48;2;97;121;122m▇[0m  [38;2;134;165;166m▝[38;2;83;104;106;48;2;140;183;182m▖[38;2;139;187;184;48;2;142;186;185m╴[0m[7m[38;2;135;173;173m▝[0m[38;2;103;123;126m▖  [0m [38;2;115;142;144m▁[38;2;111;133;136m▂[0m  [7m[38;2;137;171;172m▎[0m[38;2;140;185;183;48;2;119;153;153m▉[0m[7m[38;2;118;149;149m▋[0m[38;2;140;188;185;48;2;139;186;184m┈[0m[38;2;122;154;155m▍[38;2;133;168;169m▝[7m[38;2;110;139;139m▗[38;2;84;104;105m▋[38;2;135;171;172m▁[0m[38;2;103;122;125m▌[7m[38;2;114;146;146m▍[0m[38;2;106;135;135m▘[7m[38;2;108;137;138m▂[0m[38;2;95;112;115m▍[7m[38;2;132;170;169m▎[0m[38;2;133;163;165m▇[0m [38;2;131;161;162m▄[38;2;78;94;95m▎                [0m
 [38;2;0;0;0m                   [38;2;84;107;107m▗[38;2;74;92;93;48;2;135;175;174m▘[0m[7m[38;2;119;152;152m╱[0m[38;2;93;117;118;48;2;125;160;160m▁[0m[38;2;105;130;131m▘[0m [38;2;117;151;150m▅[38;2;138;178;177;48;2;122;158;157m┈[0m[7m[38;2;113;145;145m▗[0m [38;2;3;3;3m    [7m[38;2;134;168;169m▍[0m[38;2;143;182;182;48;2;88;110;111m▉[0m [7m[38;2;68;84;87m▊[0m[38;2;136;177;177m▇[38;2;137;175;175m▖[7m[38;2;126;157;158m▄[38;2;122;153;153m▅[0m[38;2;127;162;162m▃[38;2;137;177;176m▅[38;2;142;184;183m▆[38;2;142;185;184;48;2;101;126;127m▇[38;2;140;187;185;48;2;144;185;185m━[38;2;141;187;185;48;2;148;185;186m▇[0m[7m[38;2;138;179;178m▝[0m [38;2;99;121;122m▝[7m[38;2;136;174;174m▖[0m[38;2;139;177;177;48;2;101;128;128m▇[38;2;97;122;122;48;2;130;173;171m▘[38;2;110;147;145;48;2;138;184;182m╴[38;2;144;184;184;48;2;75;94;95m▆[0m[38;2;140;180;180m▆[38;2;143;185;184m▆[38;2;134;173;173m▇[7m[38;2;128;165;164m▁[38;2;121;157;156m▂[38;2;139;179;178m▂[38;2;143;182;182m▂[0m[38;2;131;165;166m▘[7m[38;2;128;163;163m▂[38;2;123;157;157m╱[0m[38;2;137;182;180m▆[38;2;120;152;152m▅[0m [38;2;13;16;16m                [0m
 [38;2;0;0;0m                  [0m [38;2;89;111;112;48;2;132;170;169m▏[0m[7m[38;2;110;141;141m╱[0m[38;2;104;131;132;48;2;136;172;172m▏[0m[38;2;115;146;146m▘[0m [7m[38;2;135;172;172m▘[0m[38;2;139;189;186;48;2;137;184;181m┈[38;2;142;187;185;48;2;141;183;182m┈[0m[38;2;133;170;171m▊[0m  [38;2;110;140;141m▃[38;2;125;163;162m▅[38;2;142;182;182m▆[7m[38;2;138;179;179m▂[38;2;126;162;162m▃[0m [7m[38;2;71;86;88m▉[0m[38;2;112;137;139;48;2;138;183;181m▏[38;2;136;179;178;48;2;108;138;138m▉[0m[38;2;139;178;178m▆[38;2;142;187;185;48;2;142;180;181m╴[0m[7m[38;2;143;181;181m▂[38;2;139;179;179m▄[38;2;100;124;125m━[0m[38;2;128;161;162m▃[38;2;117;149;150m▝[38;2;109;133;135;48;2;138;183;181m▁[0m[7m[38;2;138;173;174m▗[0m [38;2;90;109;110m▗[38;2;121;151;151m▂[7m[38;2;94;115;117m▆[38;2;138;171;173m▅[38;2;143;183;182m▅[38;2;132;171;171m▅[38;2;131;170;169m▆[38;2;86;109;110m▆[0m [38;2;0;0;0m     [0m [38;2;111;139;140m▝[7m[38;2;137;171;172m▃[0m[38;2;77;95;96m▘                 [0m
 [38;2;0;0;0m                 [0m [7m[38;2;133;168;169m▘[0m[38;2;129;167;166;48;2;78;101;101m▋[38;2;75;98;98;48;2;137;178;177m▘[0m[38;2;110;137;138m▌[0m [7m[38;2;118;148;149m▘[38;2;134;175;174m▁[38;2;141;176;177m▃[38;2;131;161;163m▅[0m[38;2;123;158;158m▃[38;2;131;167;167m▆[38;2;74;92;93;48;2;134;171;171m▁[0m[7m[38;2;139;179;179m▃[38;2;134;173;172m▅[0m[38;2;124;158;158m▃[38;2;132;170;169m▅[38;2;137;179;178m▇[38;2;107;132;134m▌[0m [7m[38;2;135;169;170m▍[38;2;138;176;176m▂[38;2;131;164;164m▄[38;2;109;135;137m▇[0m [38;2;90;102;106m▝[7m[38;2;132;165;166m▖[0m[38;2;142;189;187;48;2;142;185;184m╴[0m[7m[38;2;140;178;178m▝[38;2;90;109;111m▚[0m [38;2;0;0;0m [7m[38;2;125;158;159m▍[0m[38;2;135;188;184;48;2;140;187;185m┗[0m[38;2;122;153;154m▌                                [0m
 [38;2;0;0;0m                 [7m[38;2;103;129;130m▋[0m[38;2;140;180;179;48;2;143;185;184m▏[38;2;89;117;116;48;2;125;163;162m╹[38;2;140;179;179;48;2;79;98;100m▉[0m  [7m[38;2;89;107;110m▇[0m[38;2;130;165;165m▃[38;2;136;174;174m▆[38;2;144;188;186;48;2;137;177;176m╴[0m[7m[38;2;134;171;172m▃[38;2;87;110;110m━[0m[38;2;136;174;174m▄[38;2;140;181;181;48;2;72;87;89m▆[0m[7m[38;2;138;183;180m▂[38;2;133;168;169m▄[38;2;95;120;121m▆[0m[38;2;66;84;84;48;2;133;169;169m▎[38;2;138;175;176;48;2;99;124;125m▉[0m   [38;2;138;166;169m▃[38;2;132;172;171m▆[38;2;138;176;176m▋[0m [38;2;80;99;101m▗[38;2;137;174;175m▝[38;2;142;186;185;48;2;134;175;174m┊[38;2;143;186;185;48;2;142;184;183m┊[0m[7m[38;2;108;136;136m▝[0m [7m[38;2;113;140;141m▌[0m[38;2;139;186;183;48;2;143;186;185m▂[0m[38;2;131;164;166m▌                                [0m
 [38;2;0;0;0m                 [7m[38;2;123;156;156m▍[0m[38;2;143;186;185;48;2;141;187;185m▗[38;2;142;186;185;48;2;143;186;185m┕[38;2;143;186;186;48;2;142;184;183m┈[0m[38;2;138;175;175m▅[38;2;135;173;173m▅[38;2;142;182;182;48;2;99;120;121m▇[38;2;70;89;89;48;2;142;182;182m▂[0m[7m[38;2;119;157;156m▄[0m[38;2;126;162;162m▂[38;2;131;170;169m▆[38;2;102;129;129;48;2;140;182;181m▁[0m[7m[38;2;125;166;165m▃[38;2;102;131;132m▆[0m [38;2;128;162;163m▄[38;2;131;165;166;48;2;91;111;113m▇[0m[7m[38;2;130;165;165m▄[0m  [38;2;125;159;160m▄[38;2;137;180;179;48;2;94;115;116m▇[38;2;141;187;185;48;2;144;185;185m▆[38;2;143;186;185;48;2;141;187;185m▅[0m[38;2;129;166;166m▋[0m [7m[38;2;136;173;173m▘[0m[38;2;131;163;164m▉[38;2;73;91;93m▝[7m[38;2;138;173;174m▖[0m[38;2;143;188;186;48;2;138;188;185m▃[0m[7m[38;2;132;167;167m▝[0m [7m[38;2;135;173;173m▖[0m[38;2;144;188;187;48;2;140;180;180m╴[0m[38;2;132;167;167m▖                               [0m
 [38;2;0;0;0m                [0m [7m[38;2;131;171;170m▍[0m[38;2;134;167;169;48;2;142;184;184m╶[0m[7m[38;2;137;170;171m▆[38;2;103;132;132m▖[0m[38;2;142;183;183;48;2;142;185;184m╴[0m[7m[38;2;128;162;162m▗[38;2;119;152;152m▆[0m[38;2;120;148;150m▃[38;2;137;180;179m▆[38;2;144;188;186;48;2;137;177;177m╴[0m[7m[38;2;126;165;163m▄[0m [38;2;96;118;119m▗[38;2;135;173;173m▅[38;2;143;186;185;48;2;135;174;174m╴[0m[7m[38;2;133;170;170m▄[0m  [38;2;126;158;159m▅[38;2;141;183;182;48;2;110;138;139m▇[38;2;143;186;185;48;2;142;184;183m┊[0m[7m[38;2;134;177;175m▃[0m[38;2;123;157;156;48;2;145;185;185m▏[38;2;143;185;184;48;2;142;186;185m▂[0m[38;2;130;165;166m▍[7m[38;2;102;126;128m▋[0m[38;2;144;186;185;48;2;142;184;184m┊[0m[38;2;122;156;156m▌ [0m [7m[38;2;122;153;153m▄[0m[38;2;143;187;185;48;2;142;183;183m┊[0m[7m[38;2;131;164;165m▝[0m [7m[38;2;127;163;163m▄[0m[38;2;145;187;186;48;2;139;181;180m╴[0m[38;2;124;158;159m▅[0m [38;2;0;0;0m                             [0m
 [38;2;0;0;0m                [0m [7m[38;2;135;173;173m▍[0m[38;2;140;185;184;48;2;142;187;185m╂[38;2;140;185;183;48;2;134;172;172m▇[0m[7m[38;2;129;163;163m▗[0m[38;2;103;125;127m▘[0m [7m[38;2;131;166;166m▘[0m[38;2;142;184;183;48;2;142;186;185m╴[0m[7m[38;2;133;174;173m▗[0m[38;2;79;100;100m▘[0m [7m[38;2;107;136;137m▘[0m[38;2;140;189;186;48;2;136;182;180m╴[0m[7m[38;2;138;179;178m▗[0m[38;2;98;122;123m▘[0m [38;2;141;178;179m▗[38;2;139;186;184;48;2;135;176;175m┈[38;2;140;187;185;48;2;142;185;184m╴[0m[7m[38;2;125;160;160m▗[38;2;85;106;107m▆[0m [7m[38;2;137;178;177m▎[0m[38;2;140;188;185;48;2;144;185;185m▌[0m[38;2;133;169;169m▍[7m[38;2;132;163;164m▌[0m[38;2;143;182;183;48;2;145;185;185m╶[0m[38;2;132;163;165m▎   [38;2;142;175;176m▝[38;2;145;186;186;48;2;142;185;184m╴[0m[7m[38;2;130;168;167m▝[0m [38;2;135;171;172m▝[38;2;139;189;186;48;2;135;180;178m┊[0m[7m[38;2;113;146;146m▝[0m [38;2;0;0;0m                            [0m
 [38;2;0;0;0m                [0m [7m[38;2;131;164;165m▍[38;2;134;173;173m▂[0m[38;2;109;137;138m▘ [0m [7m[38;2;131;166;166m▘[0m[38;2;145;186;186;48;2;140;187;185m▎[0m[7m[38;2;129;166;166m▗[0m  [7m[38;2;120;154;154m▘[0m[38;2;126;158;159;48;2;144;184;184m▁[0m[7m[38;2;125;159;159m▗[0m  [7m[38;2;115;142;144m▘[0m[38;2;145;189;187;48;2;141;184;183m┊[38;2;73;88;90;48;2;139;183;181m▗[0m[38;2;118;146;147m▘[38;2;119;151;152m▄[38;2;134;175;174;48;2;101;121;123m▇[0m [7m[38;2;120;152;153m▌[0m[38;2;140;184;183;48;2;142;186;185m▁[0m[38;2;138;180;179m▋[7m[38;2;98;125;125m▊[0m[38;2;144;186;185;48;2;140;183;182m┊[0m[38;2;126;163;162m▌   [0m [38;2;74;90;91;48;2;139;177;177m▎[38;2;141;189;186;48;2;141;187;185m╴[0m[38;2;113;144;144m▌ [7m[38;2;108;133;135m▌[0m[38;2;144;185;185;48;2;142;185;184m╴[0m[38;2;134;169;169m▖                            [0m
 [38;2;0;0;0m                 [0m  [38;2;0;0;0m [0m [7m[38;2;118;151;151m▘[0m[38;2;129;173;170;48;2;139;186;184m▂[38;2;139;177;177;48;2;89;112;113m▉[0m  [7m[38;2;116;148;148m▘[0m[38;2;97;127;126;48;2;137;178;177m▝[0m[38;2;136;180;178m▆[38;2;103;126;127m▖[38;2;85;104;105m▗[7m[38;2;138;179;179m▘[0m[38;2;143;186;185;48;2;142;185;184m┊[0m[7m[38;2;108;139;139m▗[0m[38;2;119;148;150m▗[38;2;84;107;108;48;2;139;182;181m▘[38;2;141;187;185;48;2;145;186;186m▆[38;2;144;188;187;48;2;140;187;184m╺[0m[38;2;111;137;139m▍[0m [38;2;76;94;94;48;2;130;170;169m▏[38;2;140;189;186;48;2;139;182;181m╴[0m[38;2;120;150;151m▖[7m[38;2;112;146;145m▖[0m[38;2;146;185;185;48;2;144;181;182m┈[0m[38;2;124;158;159m▖  [38;2;84;104;105m▗[7m[38;2;108;137;137m▘[0m[38;2;85;109;108;48;2;140;182;181m▖[38;2;138;179;178;48;2;71;90;91m▉[0m  [38;2;100;123;124;48;2;139;179;178m▏[38;2;140;177;177;48;2;88;107;108m▉[0m [38;2;47;57;58m                           [0m
 [38;2;0;0;0m                    [0m [38;2;117;145;147;48;2;140;182;181m▏[0m[7m[38;2;122;161;159m╻[0m[38;2;131;166;167m▋ [0m [38;2;115;144;144;48;2;141;183;182m▏[38;2;137;185;182;48;2;141;186;184m┈[0m[7m[38;2;129;163;164m▗[0m[38;2;87;108;109m▗[38;2;91;116;117;48;2;133;174;173m▏[38;2;142;186;185;48;2;142;186;184m┈[0m[7m[38;2;117;149;149m▗[0m[38;2;134;174;174m▗[38;2;142;186;185;48;2;138;180;179m┊[38;2;90;113;114;48;2;134;171;171m▁[0m[7m[38;2;117;150;150m▅[0m[38;2;144;185;184;48;2;140;179;179m┊[0m[7m[38;2;127;163;163m▝[0m [38;2;111;140;141m▝[38;2;146;185;185;48;2;140;181;180m╴[38;2;135;173;173;48;2;89;114;114m▉[0m[38;2;77;98;98m▖[38;2;86;107;108;48;2;135;175;174m▏[38;2;142;184;183;48;2;138;177;177m┈[0m[38;2;116;149;149m▖ [7m[38;2;133;169;169m▍[0m[38;2;143;186;185;48;2;139;187;184m▃[38;2;142;183;182;48;2;109;144;143m▇[38;2;139;181;180;48;2;77;100;100m▉[0m  [38;2;92;112;113;48;2;125;164;163m▏[38;2;106;144;141;48;2;136;180;178m▏[0m[38;2;84;103;104m▎                           [0m
 [38;2;0;0;0m                    [7m[38;2;94;115;117m▊[0m[38;2;140;183;180;48;2;144;183;184m╶[0m[7m[38;2;117;150;150m┫[0m[38;2;130;164;165m▊[0m  [7m[38;2;134;171;171m▂[38;2;104;130;131m▄[0m[38;2;71;91;91m▗[38;2;82;99;101;48;2;140;181;180m▘[38;2;139;185;183;48;2;142;186;185m╸[0m[7m[38;2;117;147;148m▗[0m[38;2;114;144;145m▗[38;2;147;186;186;48;2;137;177;176m╴[38;2;133;173;172;48;2;93;117;118m▉[0m[38;2;92;113;115m▘ [7m[38;2;112;143;143m▌[0m[38;2;142;185;184;48;2;139;177;177m▉[0m[38;2;134;169;170m▖ [38;2;139;174;176m▝[38;2;141;187;185;48;2;141;185;183m┊[0m[7m[38;2;134;172;172m▝[0m[38;2;104;132;132m▝[38;2;93;116;117;48;2;136;174;174m▁[38;2;142;186;185;48;2;136;177;176m┈[0m[38;2;119;153;153m▖[0m [38;2;93;118;118;48;2;134;174;173m▏[38;2;139;188;185;48;2;144;186;185m▗[0m[38;2;129;161;162m▋[0m [7m[38;2;81;98;100m▋[0m[38;2;139;174;174;48;2;86;112;110m▌[38;2;95;125;123;48;2;135;176;175m▏[0m [38;2;61;76;78m                           [0m
 [38;2;0;0;0m                    [0m [38;2;82;99;101;48;2;139;176;177m▏[38;2;87;111;110;48;2;115;148;147m╹[38;2;137;183;181;48;2;134;172;172m▉[0m[38;2;115;142;143m▖  [0m [7m[38;2;135;175;174m▘[0m[38;2;137;188;184;48;2;140;187;185m▘[0m[7m[38;2;134;170;170m▗[0m[38;2;76;94;95m▗[38;2;142;184;183;48;2;133;171;170m┊[38;2;144;188;187;48;2;139;179;178m╴[0m[38;2;104;133;133m▘  [0m [7m[38;2;131;168;168m▖[0m[38;2;143;187;185;48;2;137;180;179m┊[0m[38;2;102;124;126m▖[0m [7m[38;2;101;127;127m▖[0m[38;2;141;184;183;48;2;142;185;184m┈[0m[7m[38;2;131;171;170m▝[0m[38;2;89;113;113m▝[38;2;96;124;123;48;2;140;174;175m▏[38;2;143;188;186;48;2;139;181;181m┊[0m[38;2;131;172;171m▖[38;2;75;94;95m▝[7m[38;2;129;165;165m▃[0m  [7m[38;2;132;170;170m▘[0m[38;2;61;83;83;48;2;115;149;148m╹[0m[38;2;137;170;172m▊[0m [38;2;15;18;19m                           [0m
 [38;2;0;0;0m                     [38;2;141;177;178m▝[38;2;91;117;117;48;2;142;183;182m▝[38;2;86;113;113;48;2;121;159;158m▏[38;2;144;186;185;48;2;140;178;178m┈[0m[38;2;131;169;168m▆[38;2;134;174;173m▅[38;2;136;179;178m▆[38;2;143;186;185;48;2;145;186;186m▇[38;2;142;183;182;48;2;111;139;140m▉[0m[38;2;79;96;98m▘[7m[38;2;126;160;160m▘[0m[38;2;143;189;187;48;2;142;186;185m╻[0m[38;2;129;162;163m▌    [7m[38;2;125;156;157m▋[0m[38;2;139;187;184;48;2;141;187;185m┇[0m[38;2;129;164;164m▊[0m  [7m[38;2;116;147;147m▖[0m[38;2;140;187;185;48;2;142;187;185m┾[0m[7m[38;2;128;162;162m▝[0m[38;2;104;130;131m▝[38;2;141;186;184;48;2;137;179;178m┊[38;2;141;182;182;48;2;106;140;139m▉[0m[38;2;89;119;118m▖ [0m [7m[38;2;122;156;156m▘[0m[38;2;100;128;128;48;2;131;170;169m┍[38;2;139;180;180;48;2;126;162;161m┊[0m[38;2;106;130;132m▘                            [0m
 [38;2;0;0;0m                     [0m [7m[38;2;110;139;140m▖[0m[38;2;145;187;187;48;2;142;186;184m▏[38;2;142;187;185;48;2;139;187;184m▂[38;2;145;188;187;48;2;143;184;184m╴[0m[7m[38;2;131;169;169m▄[38;2;120;153;153m▖[0m[38;2;139;188;185;48;2;141;186;185m╷[0m[38;2;126;157;158m▌[7m[38;2;92;115;116m▋[0m[38;2;142;186;185;48;2;141;183;182m┊[38;2;142;185;184;48;2;131;166;166m▉[0m[38;2;87;110;111m▎   [0m [7m[38;2;113;139;141m▋[0m[38;2;146;186;186;48;2;143;185;184m╻[38;2;140;183;182;48;2;93;119;119m▊[0m [38;2;42;54;54m [0m [38;2;85;105;105;48;2;137;174;174m▏[38;2;142;187;186;48;2;142;186;185m┈[0m[38;2;119;149;150m▌[38;2;129;164;165m▝[38;2;144;186;185;48;2;141;184;183m╴[38;2;86;105;106;48;2;142;179;180m▗[0m[7m[38;2;127;155;157m▂[0m[38;2;139;185;183;48;2;118;146;147m▇[38;2;144;186;185;48;2;141;186;184m┗[48;2;139;179;178m╴[0m[38;2;126;160;161m▘                             [0m
 [38;2;0;0;0m                      [0m [7m[38;2;109;133;135m▖[0m[38;2;143;187;186;48;2;141;184;182m┈[38;2;142;188;186;48;2;143;186;185m▏[0m[38;2;142;182;181m▆[38;2;144;182;183;48;2;80;99;100m▆[38;2;140;189;186;48;2;138;182;180m╴[0m [7m[38;2;130;165;165m▍[0m[38;2;140;186;184;48;2;142;187;185m┧[38;2;143;185;184;48;2;99;127;127m▊[0m [38;2;50;64;65m [0m [38;2;129;162;163m▅[38;2;142;185;184;48;2;111;134;136m▇[0m[38;2;127;166;165m▋[7m[38;2;139;175;175m▎[0m[38;2;141;179;179m▊[0m [38;2;22;28;29m  [7m[38;2;137;167;169m▎[0m[38;2;140;186;184;48;2;143;187;186m▄[38;2;140;184;182;48;2;103;129;131m▉[0m[38;2;75;89;92m▏[7m[38;2;139;176;176m▍[38;2;131;168;168m▝[0m[38;2;136;177;176m▄[38;2;129;165;165;48;2;145;184;184m▏[38;2;78;95;97;48;2;135;175;175m▁[0m[38;2;119;150;151m▘                              [0m
 [38;2;0;0;0m                        [38;2;112;138;139m▝[7m[38;2;135;176;175m▖[0m[38;2;140;185;183;48;2;142;186;185m┊[38;2;143;186;185;48;2;140;187;185m▌[0m[38;2;138;178;177m▊[0m [7m[38;2;142;175;177m▎[0m[38;2;142;186;185;48;2;143;186;185m▋[38;2;142;184;183;48;2;79;100;101m▊[0m [38;2;0;0;0m [0m [38;2;87;111;112;48;2;138;182;181m▏[38;2;146;184;185;48;2;143;186;185m▗[38;2;139;180;179;48;2;106;139;138m▇[38;2;142;191;188;48;2;139;182;181m╴[0m[38;2;138;168;170m▘  [0m [7m[38;2;138;171;172m▎[0m[38;2;140;181;180;48;2;142;186;185m▁[38;2;141;186;184;48;2;135;169;170m▉[0m[38;2;107;129;131m▎[7m[38;2;122;156;157m▌[0m[38;2;142;187;186;48;2;142;185;184m╴[0m[7m[38;2;136;177;176m▁[38;2;122;152;153m▄[0m [38;2;3;3;4m                               [0m
 [38;2;0;0;0m                         [0m [7m[38;2;104;130;131m▅[38;2;134;172;172m▖[0m[38;2;134;168;169m▋[0m [7m[38;2;135;168;170m▎[0m[38;2;140;187;185;48;2;143;187;186m▆[38;2;140;183;182;48;2;109;136;137m▉[0m [38;2;62;75;77m  [7m[38;2;126;159;160m▌[0m[38;2;145;186;186;48;2;143;186;185m▝[38;2;144;188;187;48;2;140;182;181m┈[0m[38;2;138;177;176m▘   [38;2;131;166;166m▗[38;2;108;145;143;48;2;140;183;182m▗[38;2;101;132;131;48;2;132;171;170m╸[0m[7m[38;2;136;175;175m▗[0m [38;2;99;117;120m▝[7m[38;2;105;127;129m▆[0m [38;2;0;0;0m                                 [0m
 [38;2;0;0;0m                           [0m [7m[38;2;88;98;103m▇[0m[38;2;2;2;2m [7m[38;2;118;144;146m▌[0m[38;2;144;187;186;48;2;139;187;184m▍[38;2;141;187;185;48;2;142;185;184m╴[0m[38;2;128;159;160m▖  [0m [7m[38;2;122;152;153m▂[0m[38;2;119;152;152m▘  [0m [7m[38;2;113;145;145m▘[0m[38;2;88;112;112;48;2;135;177;176m▗[0m[7m[38;2;121;157;156m┛[0m[38;2;72;90;91;48;2;139;179;179m▗[0m[38;2;76;96;97m▘                                     [0m
 [38;2;0;0;0m                              [0m [38;2;90;110;111;48;2;138;174;175m▏[38;2;144;186;185;48;2;142;186;184m▖[38;2;142;187;185;48;2;137;178;177m┈[0m[38;2;131;164;165m▄[38;2;121;151;152m▂[38;2;87;108;109m▁[38;2;75;92;94m▁[38;2;106;131;133m▁[38;2;121;148;151m▃[38;2;127;163;163m▅[38;2;82;107;107;48;2;130;166;166m▂[0m[7m[38;2;121;158;157m╺[38;2;133;171;171m▘[38;2;126;163;163m▃[0m [38;2;8;9;10m                                      [0m
 [38;2;0;0;0m                               [38;2;124;152;154m▝[38;2;143;186;185;48;2;142;184;183m┊[38;2;136;185;182;48;2;140;188;185m╶[38;2;141;189;186;48;2;142;184;183m╴[0m[7m[38;2;139;181;180m▁[0m[38;2;113;144;144;48;2;141;182;182m▁[38;2;143;186;185;48;2;127;160;161m▇[38;2;142;186;185;48;2;138;174;175m▇[38;2;121;159;158;48;2;137;179;178m┌[38;2;99;129;128;48;2;131;173;172m▝[38;2;140;183;182;48;2;95;122;122m▆[0m[7m[38;2;135;171;172m▗[0m[38;2;113;144;144m▘                                        [0m
 [38;2;0;0;0m                                [7m[38;2;103;127;128m▖[0m[38;2;146;186;186;48;2;144;186;185m╴[0m[38;2;138;175;175m▋[38;2;107;133;134m▁[7m[38;2;124;158;158m▌[0m[38;2;146;188;187;48;2;142;186;184m╸[38;2;138;187;184;48;2;141;187;185m╸[38;2;97;121;122;48;2;140;183;181m▁[0m[7m[38;2;129;168;167m▃[38;2;90;109;112m▅[0m [38;2;0;0;0m                                         [0m
 [38;2;0;0;0m                                [0m [7m[38;2;118;149;150m▖[0m[38;2;141;188;185;48;2;141;187;185m┊[38;2;141;186;185;48;2;144;186;185m▅[38;2;75;90;92;48;2;139;180;179m▁[0m[7m[38;2;134;171;171m▃[38;2;138;173;173m▆[0m [38;2;1;1;1m                                            [0m
 [38;2;0;0;0m                                 [0m [7m[38;2;110;136;137m▅[38;2;116;147;147m▆[0m [38;2;0;0;0m                                               [0m
